# name: debug
# type: sparse matrix
# nnz: 7056
# rows: 84
# columns: 84

1 1 6376.28248
2 1 -1533.00164
3 1 -1247.54248
4 1 726055.603
5 1 168861.006
6 1 564120.841
7 1 -641.201407
8 1 -42.9459639
9 1 116.427197
10 1 -86603.8578
11 1 -12286.1582
12 1 -63397.5007
13 1 -298.727286
14 1 -17.6366326
15 1 54.2624212
16 1 -45087.3829
17 1 -1606.59876
18 1 -31266.4245
19 1 -172.732044
20 1 -14.8604292
21 1 31.9424407
22 1 -26347.8158
23 1 -557.411045
24 1 -18168.3582
25 1 -353.137296
26 1 82.4400396
27 1 183.026898
28 1 -2329.49496
29 1 1002.80829
30 1 -1248.81399
31 1 -467.733677
32 1 20.2428011
33 1 280.833284
34 1 -1058.97192
35 1 2561.36149
36 1 184.99636
37 1 54.1771371
38 1 -17.5859574
39 1 -92.8941085
40 1 -144.721498
41 1 27.8245184
42 1 -98.835055
43 1 2.21443983
44 1 1.17581096
45 1 -4.40473405
46 1 -136.192162
47 1 -139.175179
48 1 -143.700319
49 1 3.59634457
50 1 5.18886603
51 1 -11.2713402
52 1 -57.7059674
53 1 -207.956747
54 1 -142.979641
55 1 8.79296054
56 1 8.46889191
57 1 -22.5760448
58 1 -24.1801423
59 1 -180.628536
60 1 -110.393065
61 1 0.0906354444
62 1 0.0241906519
63 1 -0.261663612
64 1 -0.626702883
65 1 -16.0060209
66 1 -7.41033556
67 1 0.384252931
68 1 -0.269335206
69 1 -1.03906739
70 1 -9.83127683
71 1 -63.5342809
72 1 -31.46977
73 1 3.14618765
74 1 -2.74179791
75 1 -7.12682716
76 1 -15.7166582
77 1 -86.1068418
78 1 -43.8887272
79 1 47.6941101
80 1 -32.4217359
81 1 -168.655911
82 1 0.865637085
83 1 656.806631
84 1 258.379654
1 2 -1533.00164
2 2 12584.3145
3 2 681.75308
4 2 -1028667.38
5 2 1442326.66
6 2 -151285.134
7 2 -66.226216
8 2 -849.326846
9 2 -6.28958223
10 2 23474.6464
11 2 -136508.926
12 2 -34455.6171
13 2 -28.7344889
14 2 -417.919139
15 2 -2.56705661
16 2 9015.44853
17 2 -72318.8995
18 2 -20769.3247
19 2 -20.9944664
20 2 -255.768388
21 2 0.705994344
22 2 3985.68546
23 2 -43990.6148
24 2 -13646.6342
25 2 -136.296424
26 2 -439.699968
27 2 346.330391
28 2 -2131.22422
29 2 -1821.87932
30 2 -2063.09115
31 2 -565.535227
32 2 -149.061186
33 2 422.412986
34 2 -2122.12602
35 2 3087.8681
36 2 -369.309831
37 2 614.500328
38 2 -379.702054
39 2 -400.430069
40 2 -1237.57192
41 2 -1303.35338
42 2 -1380.78031
43 2 6.27996347
44 2 -0.429902364
45 2 -8.69475033
46 2 -376.474779
47 2 -161.782296
48 2 -306.878652
49 2 11.9454651
50 2 2.87149483
51 2 -21.5342484
52 2 -242.233903
53 2 -299.483214
54 2 -313.996394
55 2 29.7044855
56 2 -3.44159481
57 2 -42.8518508
58 2 -203.713419
59 2 -271.62574
60 2 -269.46935
61 2 0.315794614
62 2 -0.286065797
63 2 -0.466033333
64 2 -21.0400869
65 2 -24.2263682
66 2 -24.0397909
67 2 0.954088827
68 2 -1.28589684
69 2 -1.93458018
70 2 -61.5163199
71 2 -116.570069
72 2 -86.5161458
73 2 7.76417356
74 2 -11.0403468
75 2 -13.8553538
76 2 -90.0736762
77 2 -171.446774
78 2 -122.817582
79 2 114.040286
80 2 -152.316683
81 2 -309.131492
82 2 306.765991
83 2 1214.98248
84 2 704.127932
1 3 -1247.54248
2 3 681.75308
3 3 293.929106
4 3 -169051.061
5 3 13042.523
6 3 -111159.31
7 3 119.755991
8 3 -17.7496649
9 3 -22.3105708
10 3 17178.5973
11 3 -1850.2766
12 3 10992.2918
13 3 56.4667602
14 3 -9.39673112
15 3 -10.4980682
16 3 8937.12381
17 3 -1910.89956
18 3 5368.29048
19 3 32.6690477
20 3 -5.00962246
21 3 -6.14125741
22 3 5206.34669
23 3 -1249.6936
24 3 3084.26775
25 3 67.9132075
26 3 -30.4684865
27 3 -25.2006015
28 3 399.747365
29 3 -284.600656
30 3 173.433102
31 3 80.4260377
32 3 -7.68188868
33 3 -44.0772611
34 3 141.691918
35 3 -423.067592
36 3 -53.1831583
37 3 12.5802696
38 3 -14.6893802
39 3 7.55847473
40 3 -23.8987373
41 3 -48.2853579
42 3 -33.6231368
43 3 -0.214953828
44 3 -0.273542831
45 3 0.588044756
46 3 13.6436932
47 3 23.3729049
48 3 18.21823
49 3 -0.261053079
50 3 -0.99294189
51 3 1.49855887
52 3 2.02798743
53 3 31.8890996
54 3 17.2955964
55 3 -0.540630842
56 3 -1.96284297
57 3 2.88626835
58 3 -3.99163879
59 3 26.3405328
60 3 11.448512
61 3 -0.00388032878
62 3 -0.0187295727
63 3 0.0324944361
64 3 -0.874057668
65 3 2.19222053
66 3 0.402272868
67 3 -0.0348318875
68 3 -0.00506998468
69 3 0.125024099
70 3 -0.881567759
71 3 7.72687127
72 3 2.45243233
73 3 -0.287476908
74 3 0.0463257083
75 3 0.829512627
76 3 -1.01425938
77 3 9.82895954
78 3 3.31707513
79 3 -4.53279365
80 3 -0.492025069
81 3 20.5263961
82 3 14.4749024
83 3 -79.4061841
84 3 -20.4319742
1 4 726055.603
2 4 -1028667.38
3 4 -169051.061
4 4 152277387
5 4 -89107731.8
6 4 70176596.3
7 4 -61044.5157
8 4 59561.7196
9 4 12508.9378
10 4 -11256696.9
11 4 9649130.24
12 4 -4085958.82
13 4 -29115.083
14 4 29986.3294
15 4 5909.65572
16 4 -5704943.09
17 4 5691077.42
18 4 -1764285.05
19 4 -16518.9288
20 4 17747.2792
21 4 3310.25744
22 4 -3183183.62
23 4 3414372.96
24 4 -901830.327
25 4 -19329.3988
26 4 31247.8489
27 4 -5699.51948
28 4 -54367.1297
29 4 175763.954
30 4 20995.8137
31 4 -3740.43219
32 4 9846.49376
33 4 -2346.92734
34 4 39512.3019
35 4 19224.2459
36 4 33987.7793
37 4 -30050.3635
38 4 19637.2082
39 4 15368.6182
40 4 57622.3761
41 4 73956.0315
42 4 68891.0448
43 4 -182.688034
44 4 111.159034
45 4 153.429095
46 4 10697.183
47 4 -1398.19306
48 4 6289.56811
49 4 -392.807065
50 4 226.389589
51 4 352.866825
52 4 9097.07712
53 4 1107.87942
54 4 6730.77669
55 4 -984.937334
56 4 814.244976
57 4 690.864446
58 4 9422.45038
59 4 1609.98869
60 4 6674.85748
61 4 -10.6467402
62 4 17.4707206
63 4 6.29417637
64 4 1107.82359
65 4 150.220319
66 4 772.875975
67 4 -24.0360289
68 4 50.6956378
69 4 29.599058
70 4 2650.06647
71 4 1715.4709
72 4 2427.99665
73 4 -194.185142
74 4 403.645146
75 4 235.173558
76 4 3782.99399
77 4 3063.25761
78 4 3504.59844
79 4 -2743.01299
80 4 5966.80872
81 4 4536.75259
82 4 -16761.1848
83 4 -18277.276
84 4 -19594.5321
1 5 168861.006
2 5 1442326.66
3 5 13042.523
4 5 -89107731.8
5 5 199323666
6 5 15783489.5
7 5 -44567.6509
8 5 -111403.432
9 5 5703.81153
10 5 -1764151.88
11 5 -19278876.2
12 5 -8333536.47
13 5 -20071.0864
14 5 -54118.7052
15 5 2630.76394
16 5 -1339353.28
17 5 -9866912.41
18 5 -4585777.99
19 5 -11762.2292
20 5 -32519.2452
21 5 1759.36462
22 5 -929247.672
23 5 -5756685.5
24 5 -2773979.9
25 5 -27671.6697
26 5 -38099.9672
27 5 40091.5917
28 5 -296338.245
29 5 -126415.366
30 5 -243531.78
31 5 -73129.5382
32 5 -13334.8243
33 5 51475.9587
34 5 -240858.369
35 5 396054.3
36 5 -26087.7107
37 5 59604.6819
38 5 -35704.4919
39 5 -41728.5456
40 5 -120145.84
41 5 -122156.207
42 5 -132804.726
43 5 678.80906
44 5 11.0361932
45 5 -997.787447
46 5 -40843.8959
47 5 -21045.1669
48 5 -34709.1846
49 5 1263.08643
50 5 489.961864
51 5 -2483.03389
52 5 -24958.4022
53 5 -36743.2965
54 5 -35290.5179
55 5 3124.34521
56 5 44.6599342
57 5 -4930.36221
58 5 -19880.2924
59 5 -32865.6252
60 5 -29656.5745
61 5 32.9073662
62 5 -25.320784
63 5 -53.9644536
64 5 -1963.93899
65 5 -2906.80275
66 5 -2526.63337
67 5 104.08381
68 5 -129.78543
69 5 -222.024474
70 5 -6079.88832
71 5 -13417.3369
72 5 -9295.76881
73 5 847.823749
74 5 -1132.4327
75 5 -1576.82831
76 5 -8958.12401
77 5 -19423.8727
78 5 -13163.0248
79 5 12515.4673
80 5 -15395.2053
81 5 -35588.5315
82 5 28285.063
83 5 139617.898
84 5 75750.687
1 6 564120.841
2 6 -151285.134
3 6 -111159.31
4 6 70176596.3
5 6 15783489.5
6 6 54348967.7
7 6 -58985.1257
8 6 -2375.27916
9 6 10760.6023
10 6 -8379615.88
11 6 -864803.021
12 6 -6020536.82
13 6 -27744.0817
14 6 -687.868194
15 6 5067.12243
16 6 -4420459.3
17 6 32173.4058
18 6 -2997736.9
19 6 -15928.7331
20 6 -690.409121
21 6 2956.96115
22 6 -2540516.25
23 6 69101.6431
24 6 -1707663.45
25 6 -24449.8464
26 6 4872.88529
27 6 13036.5179
28 6 -162220.273
29 6 67163.5247
30 6 -87932.5053
31 6 -33172.5739
32 6 1046.48503
33 6 19942.8549
34 6 -74373.9746
35 6 179636.189
36 6 12215.1308
37 6 4432.43506
38 6 -1387.19533
39 6 -7115.78894
40 6 -10740.4148
41 6 -351.878027
42 6 -8331.64602
43 6 159.479619
44 6 81.3057003
45 6 -313.798432
46 6 -9800.26693
47 6 -9814.34525
48 6 -10259.2526
49 6 259.695117
50 6 362.402914
51 6 -800.174044
52 6 -4210.91593
53 6 -14682.3191
54 6 -10187.7811
55 6 630.335432
56 6 584.359197
57 6 -1594.29917
58 6 -1820.89533
59 6 -12708.3692
60 6 -7840.67474
61 6 6.41287319
62 6 1.52380508
63 6 -18.2879176
64 6 -53.9036879
65 6 -1116.50519
66 6 -523.412873
67 6 26.9925565
68 6 -19.232879
69 6 -72.6639532
70 6 -709.43096
71 6 -4442.20022
72 6 -2214.90005
73 6 220.985621
74 6 -194.74888
75 6 -498.68995
76 6 -1129.93149
77 6 -6027.25941
78 6 -3090.06485
79 6 3348.13972
80 6 -2313.94043
81 6 -11791.9578
82 6 215.269199
83 6 45927.7494
84 6 18182.0948
1 7 -641.201407
2 7 -66.226216
3 7 119.755991
4 7 -61044.5157
5 7 -44567.6509
6 7 -58985.1257
7 7 6062.54874
8 7 -1149.66731
9 7 -1209.1009
10 7 890892.832
11 7 -117089.117
12 7 565806.355
13 7 -1168.10415
14 7 161.459856
15 7 228.956229
16 7 -232949.369
17 7 48161.5329
18 7 -141500.908
19 7 -374.629995
20 7 -27.8522689
21 7 72.667695
22 7 -66308.208
23 7 4631.08
24 7 -43874.271
25 7 -1292.25929
26 7 468.925149
27 7 637.571065
28 7 -9464.64359
29 7 5260.02054
30 7 -4566.27081
31 7 -1541.30382
32 7 300.43831
33 7 878.065348
34 7 -3468.72104
35 7 10213.5776
36 7 1313.74057
37 7 -138.379251
38 7 46.8124489
39 7 -16.49578
40 7 -127.596192
41 7 1721.3993
42 7 565.21255
43 7 10.1259303
44 7 7.18565943
45 7 -22.4635657
46 7 -616.092582
47 7 -741.394978
48 7 -694.456041
49 7 10.8863365
50 7 26.1393757
51 7 -48.0502586
52 7 -145.247419
53 7 -896.959326
54 7 -538.941215
55 7 22.3931611
56 7 78.5809386
57 7 -144.913926
58 7 70.0308974
59 7 -1023.75208
60 7 -475.026727
61 7 0.772938053
62 7 0.268235391
63 7 -2.35548035
64 7 -1.30146223
65 7 -142.015531
66 7 -63.2626537
67 7 3.76223032
68 7 -2.03505592
69 7 -11.1182849
70 7 -56.7421099
71 7 -672.660137
72 7 -300.964919
73 7 10.0079541
74 7 -6.32028708
75 7 -24.9053918
76 7 -20.6094606
77 7 -296.718554
78 7 -130.8037
79 7 165.75527
80 7 -63.2722976
81 7 -632.094107
82 7 -192.733339
83 7 2488.61894
84 7 844.269198
1 8 -42.9459639
2 8 -849.326846
3 8 -17.7496649
4 8 59561.7196
5 8 -111403.432
6 8 -2375.27916
7 8 -1149.66731
8 8 8838.36049
9 8 464.782187
10 8 -492609.95
11 8 1403968.89
12 8 202282.094
13 8 159.929582
14 8 -1901.9753
15 8 -76.0109671
16 8 112300.735
17 8 -409560.937
18 8 -80205.4405
19 8 -35.5202579
20 8 -662.314918
21 8 -4.56156121
22 8 19212.5461
23 8 -125569.589
24 8 -34850.7144
25 8 -461.93261
26 8 -1074.8033
27 8 995.438371
28 8 -6440.08618
29 8 -6540.83068
30 8 -6749.75655
31 8 -1492.08266
32 8 -276.966975
33 8 1186.67132
34 8 -6588.86441
35 8 9494.22534
36 8 -1084.2784
37 8 2214.14507
38 8 -1840.94095
39 8 -921.514452
40 8 -6015.30392
41 8 -4933.65588
42 8 -6101.98198
43 8 32.1793733
44 8 -4.52608236
45 8 -43.1817165
46 8 -1881.97852
47 8 -686.516488
48 8 -1488.53461
49 8 49.242964
50 8 6.31300103
51 8 -87.0095235
52 8 -987.034848
53 8 -1072.5433
54 8 -1208.23293
55 8 138.878702
56 8 -12.7440163
57 8 -245.296344
58 8 -859.25671
59 8 -1271.72666
60 8 -1232.52129
61 8 2.32891206
62 8 -1.7030668
63 8 -4.01264516
64 8 -133.689085
65 8 -214.376783
66 8 -179.149725
67 8 8.36383673
68 8 -8.91747322
69 8 -20.0366004
70 8 -390.182204
71 8 -1200.43711
72 8 -729.008818
73 8 24.8600394
74 8 -37.3131178
75 8 -42.9720159
76 8 -310.776658
77 8 -531.51462
78 8 -399.211117
79 8 397.768001
80 8 -557.873361
81 8 -1011.34166
82 8 1217.83
83 8 4038.15626
84 8 2491.88633
1 9 116.427197
2 9 -6.28958223
3 9 -22.3105708
4 9 12508.9378
5 9 5703.81153
6 9 10760.6023
7 9 -1209.1009
8 9 464.782187
9 9 285.408644
10 9 -186980.027
11 9 60501.333
12 9 -104925.832
13 9 232.114825
14 9 -81.8302896
15 9 -46.6956928
16 9 48391.239
17 9 -20221.7746
18 9 25469.1567
19 9 72.1828273
20 9 -11.9251025
21 9 -14.3143513
22 9 13451.4895
23 9 -4186.22405
24 9 7657.46369
25 9 242.123602
26 9 -121.530645
27 9 -97.4446875
28 9 1673.88369
29 9 -1250.41966
30 9 690.582941
31 9 267.953834
32 9 -66.205917
33 9 -141.897742
34 9 484.091184
35 9 -1751.78554
36 9 -298.973402
37 9 87.9267306
38 9 -69.6753246
39 9 -13.6520484
40 9 -183.152582
41 9 -451.391757
42 9 -298.30369
43 9 -0.891761828
44 9 -1.59279596
45 9 2.96220652
46 9 56.9777714
47 9 123.350625
48 9 86.152493
49 9 -0.5136759
50 9 -4.95837275
51 9 6.55618474
52 9 -4.02806015
53 9 141.438138
54 9 66.3417589
55 9 0.268899522
56 9 -15.5013164
57 9 19.2008749
58 9 -41.744923
59 9 154.67749
60 9 50.4225261
61 9 -0.0632337564
62 9 -0.113164865
63 9 0.305731616
64 9 -4.48807864
65 9 19.1948676
66 9 5.50212831
67 9 -0.42647927
68 9 0.0757412924
69 9 1.42531953
70 9 -2.75831156
71 9 86.5292904
72 9 31.9436057
73 9 -1.13185652
74 9 -0.0138427802
75 9 3.45474444
76 9 -6.27778694
77 9 40.3353278
78 9 12.2119954
79 9 -19.2109336
80 9 -6.38092792
81 9 90.3511358
82 9 79.2554614
83 9 -353.971306
84 9 -82.1997011
1 10 -86603.8578
2 10 23474.6464
3 10 17178.5973
4 10 -11256696.9
5 10 -1764151.88
6 10 -8379615.88
7 10 890892.832
8 10 -492609.95
9 10 -186980.027
10 10 167099699
11 10 -80409659.4
12 10 83534506.6
13 10 -218218.665
14 10 129020.612
15 10 45123.093
16 10 -49957745.6
17 10 31360010.5
18 10 -22279678.1
19 10 -59835.0375
20 10 29258.3802
21 10 12196.9098
22 10 -12246906.3
23 10 7264091.24
24 10 -5652706.12
25 10 -122561.823
26 10 80999.6437
27 10 37703.6713
28 10 -794124.596
29 10 734588.445
30 10 -281018.734
31 10 -118676.131
32 10 39525.2536
33 10 57765.9693
34 10 -167323.399
35 10 785439.705
36 10 166533.687
37 10 -78167.9903
38 10 58214.9297
39 10 24519.6364
40 10 160776.425
41 10 315857.887
42 10 232352.694
43 10 127.122065
44 10 875.828463
45 10 -1092.28826
46 10 -9072.67418
47 10 -57505.688
48 10 -29273.661
49 10 -280.674345
50 10 2532.22732
51 10 -2493.03049
52 10 13762.3928
53 10 -62474.802
54 10 -21229.7103
55 10 -1621.87315
56 10 8454.24016
57 10 -7964.68782
58 10 32158.3118
59 10 -69463.2328
60 10 -13893.0136
61 10 12.4245083
62 10 77.192216
63 10 -128.161931
64 10 3939.28996
65 10 -8420.25675
66 10 -1301.72445
67 10 148.75872
68 10 45.78853
69 10 -574.989721
70 10 5441.06551
71 10 -35037.5437
72 10 -10149.3672
73 10 322.853742
74 10 419.046302
75 10 -1349.15736
76 10 6918.14768
77 10 -15393.187
78 10 -2027.12794
79 10 5759.75718
80 10 9501.28845
81 10 -36532.8861
82 10 -55007.3856
83 10 142333.692
84 10 15972.6552
1 11 -12286.1582
2 11 -136508.926
3 11 -1850.2766
4 11 9649130.24
5 11 -19278876.2
6 11 -864803.021
7 11 -117089.117
8 11 1403968.89
9 11 60501.333
10 11 -80409659.4
11 11 260877124
12 11 45336457.1
13 11 28617.9315
14 11 -379896.729
15 11 -14582.1011
16 11 22463311.8
17 11 -86751555
18 11 -17868054.1
19 11 -3044.62025
20 11 -114607.406
21 11 -1435.96351
22 11 3798083.03
23 11 -22947946.2
24 11 -6163107.19
25 11 -65061.1497
26 11 -126844.591
27 11 124817.434
28 11 -846461.284
29 11 -742731.181
30 11 -843017.809
31 11 -191984.074
32 11 -31402.7621
33 11 149835.118
34 11 -815187.447
35 11 1221015.27
36 11 -117599.56
37 11 266420.184
38 11 -220711.143
39 11 -112495.555
40 11 -719609.496
41 11 -587263.975
42 11 -729061.208
43 11 3930.74868
44 11 -486.958523
45 11 -5342.27133
46 11 -230353.419
47 11 -87541.4896
48 11 -183427.277
49 11 5988.56071
50 11 955.398872
51 11 -10793.9757
52 11 -119686.913
53 11 -135265.345
54 11 -148959.12
55 11 16801.0724
56 11 -963.050965
57 11 -30375.0223
58 11 -102712.943
59 11 -159616.687
60 11 -151067.354
61 11 283.653347
62 11 -202.140185
63 11 -495.432344
64 11 -16137.0529
65 11 -26511.3852
66 11 -21824.1249
67 11 1026.06567
68 11 -1080.77801
69 11 -2472.06741
70 11 -47155.0014
71 11 -148132.902
72 11 -89242.4769
73 11 3053.54731
74 11 -4519.55145
75 11 -5333.87213
76 11 -37502.5998
77 11 -65873.742
78 11 -48805.4483
79 11 48897.2532
80 11 -67335.2931
81 11 -125872.91
82 11 144460.407
83 11 502353.154
84 11 304909.757
1 12 -63397.5007
2 12 -34455.6171
3 12 10992.2918
4 12 -4085958.82
5 12 -8333536.47
6 12 -6020536.82
7 12 565806.355
8 12 202282.094
9 12 -104925.832
10 12 83534506.6
11 12 45336457.1
12 12 74777353.4
13 12 -138640.104
14 12 -57991.0694
15 12 25327.287
16 12 -25609765.9
17 12 -11894302.4
18 12 -22158847.5
19 12 -42224.5303
20 12 -24356.24
21 12 7810.48111
22 12 -6925892.92
23 12 -3899555.06
24 12 -6260902.96
25 12 -109635.58
26 12 5493.67116
27 12 75111.7473
28 12 -884952.484
29 12 221403.576
30 12 -524393.927
31 12 -157084.403
32 12 14842.0824
33 12 98570.5915
34 12 -435607.067
35 12 1025738.29
36 12 70904.8228
37 12 50239.757
38 12 -45819.3013
39 12 -27371.4202
40 12 -167839.567
41 12 -9096.39106
42 12 -121716.555
43 12 1615.7398
44 12 424.162614
45 12 -2839.48881
46 12 -96457.7206
47 12 -73945.4997
48 12 -91742.1943
49 12 2132.73238
50 12 2140.36055
51 12 -5937.62092
52 12 -37413.4951
53 12 -96076.345
54 12 -72807.3114
55 12 5363.72955
56 12 5554.45605
57 12 -17314.0025
58 12 -17782.1542
59 12 -110411.81
60 12 -68307.4688
61 12 118.979383
62 12 -25.0993201
63 12 -281.233734
64 12 -3733.28936
65 12 -16166.5903
66 12 -9418.04303
67 12 502.27644
68 12 -388.131523
69 12 -1360.22237
70 12 -14644.5897
71 12 -81961.1128
72 12 -41759.6345
73 12 1416.16121
74 12 -1471.42256
75 12 -3019.74848
76 12 -9930.73718
77 12 -36478.4596
78 12 -20484.6221
79 12 23079.7186
80 12 -19642.9097
81 12 -74527.4589
82 12 17904.2868
83 12 294947.02
84 12 129992.914
1 13 -298.727286
2 13 -28.7344889
3 13 56.4667602
4 13 -29115.083
5 13 -20071.0864
6 13 -27744.0817
7 13 -1168.10415
8 13 159.929582
9 13 232.114825
10 13 -218218.665
11 13 28617.9315
12 13 -138640.104
13 13 7608.86549
14 13 -1659.02532
15 13 -1508.61553
16 13 1239518.18
17 13 -293427.524
18 13 737187.732
19 13 -1081.79825
20 13 98.8207651
21 13 213.73153
22 13 -212363.773
23 13 45751.0862
24 13 -128627.222
25 13 -1844.32692
26 13 677.687562
27 13 917.391229
28 13 -13235.8244
29 13 7421.37979
30 13 -6371.42084
31 13 -2162.95411
32 13 477.717238
33 13 1215.49036
34 13 -4643.78651
35 13 14345.1066
36 13 1988.63131
37 13 86.6397872
38 13 104.192491
39 13 -280.659516
40 13 212.890018
41 13 936.241897
42 13 469.39601
43 13 13.2251372
44 13 9.17579255
45 13 -28.9788733
46 13 -798.442332
47 13 -954.065865
48 13 -898.630255
49 13 17.6260372
50 13 38.0553549
51 13 -72.241342
52 13 -236.077381
53 13 -1293.54554
54 13 -801.345107
55 13 28.7192194
56 13 88.9161541
57 13 -169.769103
58 13 13.304674
59 13 -1336.95095
60 13 -678.431348
61 13 0.754677738
62 13 0.340760238
63 13 -2.39883947
64 13 3.71943083
65 13 -144.958717
66 13 -61.6806336
67 13 3.80570881
68 13 -1.95903709
69 13 -11.3452068
70 13 -50.9470709
71 13 -686.281663
72 13 -302.666661
73 13 11.2391093
74 13 -6.70620968
75 13 -28.3170671
76 13 -18.0508182
77 13 -336.344704
78 13 -145.163033
79 13 186.154646
80 13 -64.0602207
81 13 -718.77883
82 13 -245.040537
83 13 2829.32772
84 13 940.564501
1 14 -17.6366326
2 14 -417.919139
3 14 -9.39673112
4 14 29986.3294
5 14 -54118.7052
6 14 -687.868194
7 14 161.459856
8 14 -1901.9753
9 14 -81.8302896
10 14 129020.612
11 14 -379896.729
12 14 -57991.0694
13 14 -1659.02532
14 14 10508.8441
15 14 572.522317
16 14 -574863.633
17 14 1863722.05
18 14 323140.801
19 14 96.623266
20 14 -1756.23943
21 14 -49.8690676
22 14 86636.8609
23 14 -369106.285
24 14 -81782.2716
25 14 -642.651227
26 14 -1382.85797
27 14 1327.24313
28 14 -8547.21846
29 14 -8501.31362
30 14 -8917.28861
31 14 -1973.27575
32 14 -303.364622
33 14 1562.38516
34 14 -8458.06661
35 14 12595.0503
36 14 -1254.82293
37 14 3256.97379
38 14 -2378.20712
39 14 -1533.62583
40 14 -7020.65684
41 14 -8075.95864
42 14 -7994.80105
43 14 38.2835113
44 14 -4.86271616
45 14 -51.6463153
46 14 -2247.12707
47 14 -837.394784
48 14 -1781.38686
49 14 65.3913653
50 14 14.5386409
51 14 -121.593738
52 14 -1292.87536
53 14 -1512.07755
54 14 -1634.2459
55 14 172.465418
56 14 -32.7254176
57 14 -276.794908
58 14 -1098.50518
59 14 -1631.26188
60 14 -1570.25722
61 14 2.26799692
62 14 -1.75063012
63 14 -3.788072
64 14 -136.702783
65 14 -200.394244
66 14 -174.079884
67 14 8.09459731
68 14 -8.91710458
69 14 -19.0529442
70 14 -396.662011
71 14 -1141.22945
72 14 -709.321108
73 14 26.6265273
74 14 -40.4909386
75 14 -45.5590334
76 14 -340.234745
77 14 -564.290073
78 14 -429.49131
79 14 425.625247
80 14 -606.460589
81 14 -1070.62214
82 14 1341.00562
83 14 4276.23279
84 14 2677.1579
1 15 54.2624212
2 15 -2.56705661
3 15 -10.4980682
4 15 5909.65572
5 15 2630.76394
6 15 5067.12243
7 15 228.956229
8 15 -76.0109671
9 15 -46.6956928
10 15 45123.093
11 15 -14582.1011
12 15 25327.287
13 15 -1508.61553
14 15 572.522317
15 15 342.937895
16 15 -253875.867
17 15 100985.261
18 15 -135251.02
19 15 211.869312
20 15 -59.4416797
21 15 -42.5868078
22 15 43133.1055
23 15 -17336.6714
24 15 23043.8418
25 15 342.981311
26 15 -163.369039
27 15 -146.370478
28 15 2345.69354
29 15 -1675.43336
30 15 998.596668
31 15 378.226348
32 15 -99.3997322
33 15 -200.729712
34 15 674.75831
35 15 -2480.96046
36 15 -428.68446
37 15 58.1708962
38 15 -84.5358591
39 15 26.9227845
40 15 -251.59734
41 15 -334.775744
42 15 -294.504662
43 15 -1.4459123
44 15 -1.9153391
45 15 4.10051477
46 15 89.2931212
47 15 159.40246
48 15 121.736584
49 15 -1.51118271
50 15 -6.67504664
51 15 10.047508
52 15 9.59962961
53 15 203.012643
54 15 106.785469
55 15 -1.26328567
56 15 -18.4385391
57 15 25.175095
58 15 -32.0776943
59 15 208.370438
60 15 85.3561863
61 15 -0.0709893658
62 15 -0.116802096
63 15 0.332915814
64 15 -4.59919754
65 15 20.37882
66 15 5.91390623
67 15 -0.473250657
68 15 0.102356649
69 15 1.56376383
70 15 -1.91898029
71 15 94.5277497
72 15 35.5165153
73 15 -1.39952674
74 15 0.129048265
75 15 4.14667432
76 15 -5.96683963
77 15 48.1878345
78 15 15.4277449
79 15 -23.6290592
80 15 -5.11830969
81 15 107.756158
82 15 86.2181576
83 15 -422.79225
84 15 -104.432683
1 16 -45087.3829
2 16 9015.44853
3 16 8937.12381
4 16 -5704943.09
5 16 -1339353.28
6 16 -4420459.3
7 16 -232949.369
8 16 112300.735
9 16 48391.239
10 16 -49957745.6
11 16 22463311.8
12 16 -25609765.9
13 16 1239518.18
14 16 -574863.633
15 16 -253875.867
16 16 235589184
17 16 -113385548
18 16 117780567
19 16 -210018.041
20 16 95817.0882
21 16 42817.2884
22 16 -45282792.9
23 16 24956032.6
24 16 -21613332
25 16 -204048.558
26 16 113858.173
27 16 77094.8595
28 16 -1341034.25
29 16 1065422.8
30 16 -539996.157
31 16 -210047.635
32 16 63799.8679
33 16 107207.031
34 16 -341124.257
35 16 1381585.1
36 16 260358.233
37 16 -66147.1381
38 16 68640.5478
39 16 2386.6048
40 16 190634.736
41 16 287437.009
42 16 237789.496
43 16 652.328832
44 16 1196.94196
45 16 -2194.25823
46 16 -39185.0588
47 16 -93257.736
48 16 -63486.525
49 16 538.687785
50 16 4129.56027
51 16 -5634.42446
52 16 3997.27446
53 16 -116926.019
54 16 -55573.9589
55 16 -557.731414
56 16 11110.3847
57 16 -13460.3619
58 16 28193.2086
59 16 -118570.1
60 16 -42657.851
61 16 33.2659315
62 16 82.5329168
63 16 -190.910903
64 16 4186.19359
65 16 -11992.352
66 16 -2857.0431
67 16 254.352232
68 16 -19.1240027
69 16 -880.387815
70 16 3638.52281
71 16 -53278.808
72 16 -18587.5718
73 16 692.769608
74 16 165.345985
75 16 -2254.59908
76 16 6105.52469
77 16 -25966.8597
78 16 -6796.20112
79 16 11859.8452
80 16 6733.36921
81 16 -59265.2357
82 16 -60073.2346
83 16 232119.385
84 16 47701.0549
1 17 -1606.59876
2 17 -72318.8995
3 17 -1910.89956
4 17 5691077.42
5 17 -9866912.41
6 17 32173.4058
7 17 48161.5329
8 17 -409560.937
9 17 -20221.7746
10 17 31360010.5
11 17 -86751555
12 17 -11894302.4
13 17 -293427.524
14 17 1863722.05
15 17 100985.261
16 17 -113385548
17 17 368337123
18 17 64079500.2
19 17 38229.5994
20 17 -363690.138
21 17 -13994.5674
22 17 21371675.2
23 17 -79967386.7
24 17 -15901003
25 17 -83495.5499
26 17 -187583.297
27 17 177165.4
28 17 -1132882.71
29 17 -1136559.53
30 17 -1180882.24
31 17 -262750.679
32 17 -41644.6762
33 17 208503.914
34 17 -1122031.25
35 17 1674463.13
36 17 -165095.811
37 17 438075.22
38 17 -318825.76
39 17 -206985.215
40 17 -934112.896
41 17 -1093164.9
42 17 -1070955.11
43 17 5102.4377
44 17 -664.168067
45 17 -6866.81887
46 17 -300030.709
47 17 -109942.194
48 17 -236792.61
49 17 8726.47338
50 17 1879.51437
51 17 -16148.0704
52 17 -173281.928
53 17 -199995.826
54 17 -217480.964
55 17 23041.598
56 17 -4455.15032
57 17 -36769.9759
58 17 -147493.985
59 17 -215870.207
60 17 -208949.512
61 17 301.175916
62 17 -235.335214
63 17 -499.836717
64 17 -18580.1903
65 17 -26257.8927
66 17 -23072.6904
67 17 1072.63262
68 17 -1186.72612
69 17 -2519.18361
70 17 -53086.0413
71 17 -150828.482
72 17 -94042.4024
73 17 3541.86352
74 17 -5402.04832
75 17 -6046.25377
76 17 -45656.3609
77 17 -74876.7852
78 17 -57172.0652
79 17 56603.8018
80 17 -80947.5965
81 17 -142016.363
82 17 179338.978
83 17 567333.468
84 17 356385.945
1 18 -31266.4245
2 18 -20769.3247
3 18 5368.29048
4 18 -1764285.05
5 18 -4585777.99
6 18 -2997736.9
7 18 -141500.908
8 18 -80205.4405
9 18 25469.1567
10 18 -22279678.1
11 18 -17868054.1
12 18 -22158847.5
13 18 737187.732
14 18 323140.801
15 18 -135251.02
16 18 117780567
17 18 64079500.2
18 18 105523169
19 18 -129259.713
20 18 -74534.1732
21 18 23962.9056
22 18 -22808666.7
23 18 -13698182.7
24 18 -20944124.7
25 18 -172235.737
26 18 4803.24686
27 18 121905.758
28 18 -1374202.5
29 18 306220.091
30 18 -829706.771
31 18 -246383.833
32 18 27627.5579
33 18 154628.88
34 18 -670913.525
35 18 1612063.82
36 18 119974.204
37 18 124043.321
38 18 -75855.3757
39 18 -78778.191
40 18 -225217.826
41 18 -219205.416
42 18 -244651.518
43 18 2417.00519
44 18 572.299677
45 18 -4162.82399
46 18 -144143.071
47 18 -106079.219
48 18 -135240.336
49 18 3727.31313
50 18 3572.8922
51 18 -10094.0661
52 18 -65237.317
53 18 -157341.395
54 18 -122300.195
55 18 8402.69776
56 18 6141.38141
57 18 -23491.8716
58 18 -38191.0687
59 18 -165161.001
60 18 -110064.883
61 18 139.939488
62 18 -34.8310611
63 18 -324.280456
64 18 -4803.15971
65 18 -18451.9195
66 18 -11009.7935
67 18 589.338792
68 18 -470.300216
69 18 -1578.26409
70 18 -18240.0972
71 18 -95022.3754
72 18 -49155.5474
73 18 1846.7477
74 18 -1968.2176
75 18 -3894.79259
76 18 -13652.445
77 18 -47040.2559
78 18 -26855.805
79 18 30041.7152
80 18 -26515.7451
81 18 -95853.622
82 18 27094.4876
83 18 379525.415
84 18 170319.281
1 19 -172.732044
2 19 -20.9944664
3 19 32.6690477
4 19 -16518.9288
5 19 -11762.2292
6 19 -15928.7331
7 19 -374.629995
8 19 -35.5202579
9 19 72.1828273
10 19 -59835.0375
11 19 -3044.62025
12 19 -42224.5303
13 19 -1081.79825
14 19 96.623266
15 19 211.869312
16 19 -210018.041
17 19 38229.5994
18 19 -129259.713
19 19 6418.56501
20 19 -1534.08486
21 19 -1283.29175
22 19 966130.135
23 19 -285044.817
24 19 553578.39
25 19 -2004.86439
26 19 761.115511
27 19 983.768568
28 19 -14464.4145
29 19 8345.2705
30 19 -6868.15941
31 19 -2269.33058
32 19 501.137481
33 19 1278.37587
34 19 -4933.95313
35 19 15164.6953
36 19 2084.10944
37 19 -68.7689991
38 19 134.842091
39 19 -170.589393
40 19 235.017022
41 19 1735.74618
42 19 795.641209
43 19 13.2841473
44 19 9.91814049
45 19 -29.8362112
46 19 -803.647398
47 19 -1001.21447
48 19 -920.909958
49 19 17.1022782
50 19 40.4468459
51 19 -74.1728302
52 19 -217.684444
53 19 -1348.68546
54 19 -815.697991
55 19 26.6921978
56 19 96.1551462
57 19 -175.011462
58 19 50.5619248
59 19 -1388.77197
60 19 -681.01884
61 19 0.818168114
62 19 0.420366616
63 19 -2.65942291
64 19 6.51904145
65 19 -161.509838
66 19 -67.1533734
67 19 4.19840331
68 19 -2.1016118
69 19 -12.5641919
70 19 -52.8308076
71 19 -760.65192
72 19 -333.071614
73 19 13.3507034
74 19 -7.78184492
75 19 -33.7938258
76 19 -19.3636874
77 19 -401.481716
78 19 -171.927232
79 19 221.0573
80 19 -72.6350167
81 19 -858.073346
82 19 -305.428914
83 19 3376.37588
84 19 1112.79015
1 20 -14.8604292
2 20 -255.768388
3 20 -5.00962246
4 20 17747.2792
5 20 -32519.2452
6 20 -690.409121
7 20 -27.8522689
8 20 -662.314918
9 20 -11.9251025
10 20 29258.3802
11 20 -114607.406
12 20 -24356.24
13 20 98.8207651
14 20 -1756.23943
15 20 -59.4416797
16 20 95817.0882
17 20 -363690.138
18 20 -74534.1732
19 20 -1534.08486
20 20 8735.09075
21 20 455.298778
22 20 -428321.931
23 20 1437557.85
24 20 258181.553
25 20 -613.584422
26 20 -1471.80031
27 20 1363.24781
28 20 -8517.29337
29 20 -9351.7207
30 20 -9212.31479
31 20 -1961.65417
32 20 -338.07345
33 20 1580.65024
34 20 -8701.31474
35 20 12546.5876
36 20 -1435.59184
37 20 3261.43804
38 20 -2561.7823
39 20 -1413.76736
40 20 -7748.30276
41 20 -7764.74611
42 20 -8381.82511
43 20 38.6484977
44 20 -5.55274352
45 20 -51.4964569
46 20 -2267.03426
47 20 -806.138545
48 20 -1781.68165
49 20 66.2586297
50 20 12.3190816
51 20 -120.462402
52 20 -1318.44382
53 20 -1472.14838
54 20 -1632.24612
55 20 175.66468
56 20 -40.1561537
57 20 -273.994605
58 20 -1142.93412
59 20 -1578.72982
60 20 -1571.06143
61 20 2.46616927
62 20 -1.97347938
63 20 -4.02891858
64 20 -152.130596
65 20 -211.92911
66 20 -188.962357
67 20 8.75580086
68 20 -9.88327452
69 20 -20.3315967
70 20 -443.551682
71 20 -1217.58928
72 20 -770.362439
73 20 30.9264931
74 20 -47.5055313
75 20 -52.496743
76 20 -400.59918
77 20 -650.834098
78 20 -500.460228
79 20 493.978736
80 20 -712.032408
81 20 -1232.85807
82 20 1589.90733
83 20 4925.15614
84 20 3116.44994
1 21 31.9424407
2 21 0.705994344
3 21 -6.14125741
4 21 3310.25744
5 21 1759.36462
6 21 2956.96115
7 21 72.667695
8 21 -4.56156121
9 21 -14.3143513
10 21 12196.9098
11 21 -1435.96351
12 21 7810.48111
13 21 213.73153
14 21 -49.8690676
15 21 -42.5868078
16 21 42817.2884
17 21 -13994.5674
18 21 23962.9056
19 21 -1283.29175
20 21 455.298778
21 21 297.127009
22 21 -197612.068
23 21 81304.3213
24 21 -104394.469
25 21 384.649142
26 21 -173.023748
27 21 -170.987481
28 21 2685.20614
29 21 -1827.73341
30 21 1173.93305
31 21 419.453923
32 21 -103.698697
33 21 -227.488534
34 21 802.337589
35 21 -2773.04066
36 21 -446.254612
37 21 63.8165276
38 21 -76.3473706
39 21 19.9355497
40 21 -217.690502
41 21 -426.249847
42 21 -306.695273
43 21 -1.77762505
44 21 -2.06001891
45 21 4.74099529
46 21 109.108524
47 21 178.096401
48 21 142.010882
49 21 -1.94253887
50 21 -7.41215676
51 21 11.5940445
52 21 15.9593062
53 21 229.778493
54 21 124.344506
55 21 -2.16365254
56 21 -19.9491309
57 21 28.7702126
58 21 -32.0494689
59 21 235.441504
60 21 99.5162108
61 21 -0.0987219418
62 21 -0.124419479
63 21 0.414356552
64 21 -4.44232293
65 21 25.2989048
66 21 8.17407558
67 21 -0.607967984
68 21 0.18341368
69 21 1.95039654
70 21 0.629082635
71 21 117.969463
72 21 46.3934356
73 21 -1.95584002
74 21 0.520978413
75 21 5.49503193
76 21 -4.32302589
77 21 64.3063502
78 21 22.8455828
79 21 -32.7695769
80 21 -0.825792427
81 21 141.662001
82 21 93.5408369
83 21 -556.272234
84 21 -151.895618
1 22 -26347.8158
2 22 3985.68546
3 22 5206.34669
4 22 -3183183.62
5 22 -929247.672
6 22 -2540516.25
7 22 -66308.208
8 22 19212.5461
9 22 13451.4895
10 22 -12246906.3
11 22 3798083.03
12 22 -6925892.92
13 22 -212363.773
14 22 86636.8609
15 22 43133.1055
16 22 -45282792.9
17 22 21371675.2
18 22 -22808666.7
19 22 966130.135
20 22 -428321.931
21 22 -197612.068
22 22 163271079
23 22 -81400739
24 22 80658750.4
25 22 -231668.043
26 22 123086.46
27 22 91575.8216
28 22 -1557249.65
29 22 1187689.55
30 22 -642583.078
31 22 -236215.439
32 22 67724.6851
33 22 123306.423
34 22 -412761.43
35 22 1565790.35
36 22 277214.206
37 22 -73696.4709
38 22 68398.8678
39 22 7147.25132
40 22 185366.928
41 22 352424.246
42 22 259363.665
43 22 818.74727
44 22 1311.41286
45 22 -2558.55668
46 22 -49227.4637
47 22 -105187.948
48 22 -74749.8143
49 22 728.553607
50 22 4623.13812
51 22 -6508.55044
52 22 1734.65207
53 22 -133250.059
54 22 -65164.4105
55 22 -204.202034
56 22 12286.604
57 22 -15572.1263
58 22 29953.5982
59 22 -135232.698
60 22 -50182.0472
61 22 46.6028372
62 22 91.7999553
63 22 -236.965683
64 22 4396.03057
65 22 -14827.4206
66 22 -3965.43495
67 22 326.286316
68 22 -52.1912131
69 22 -1097.75681
70 22 2888.37069
71 22 -66477.5687
72 22 -24253.5259
73 22 982.352083
74 22 22.4476054
75 22 -3009.9416
76 22 5976.69818
77 22 -34933.6646
78 22 -10444.882
79 22 16654.6013
80 22 5618.51407
81 22 -78465.7686
82 22 -68620.9146
83 22 307555.056
84 22 71296.6985
1 23 -557.411045
2 23 -43990.6148
3 23 -1249.6936
4 23 3414372.96
5 23 -5756685.5
6 23 69101.6431
7 23 4631.08
8 23 -125569.589
9 23 -4186.22405
10 23 7264091.24
11 23 -22947946.2
12 23 -3899555.06
13 23 45751.0862
14 23 -369106.285
15 23 -17336.6714
16 23 24956032.6
17 23 -79967386.7
18 23 -13698182.7
19 23 -285044.817
20 23 1437557.85
21 23 81304.3213
22 23 -81400739
23 23 257188805
24 23 42941058.7
25 23 -72559.0404
26 23 -206248.95
27 23 181084.18
28 23 -1088736.41
29 23 -1307721.95
30 23 -1213317.45
31 23 -256337.594
32 23 -49184.2369
33 23 209350.301
34 23 -1154742.14
35 23 1634773.32
36 23 -201178.526
37 23 446946.2
38 23 -350100.515
39 23 -193758.204
40 23 -1050864.61
41 23 -1077958.32
42 23 -1146225.94
43 23 5188.77986
44 23 -811.622177
45 23 -6845.64022
46 23 -304839.511
47 23 -103479.811
48 23 -237269.55
49 23 8931.10049
50 23 1443.43367
51 23 -15978.006
52 23 -179014.51
53 23 -192555.559
54 23 -217750.15
55 23 23775.537
56 23 -5947.25008
57 23 -36319.7531
58 23 -156421.058
59 23 -206828.667
60 23 -209989.227
61 23 330.153851
62 23 -271.694369
63 23 -530.413236
64 23 -21049.6863
65 23 -27628.7295
66 23 -25237.2623
67 23 1164.08449
68 23 -1330.54477
69 23 -2685.21143
70 23 -60194.7697
71 23 -160713.911
72 23 -102628.721
73 23 4132.58824
74 23 -6419.40885
75 23 -6952.31476
76 23 -54603.6172
77 23 -86264.1231
78 23 -67111.5483
79 23 65960.8613
80 23 -96444.7881
81 23 -162921.876
82 23 217727.324
83 23 651173.118
84 23 417715.051
1 24 -18168.3582
2 24 -13646.6342
3 24 3084.26775
4 24 -901830.327
5 24 -2773979.9
6 24 -1707663.45
7 24 -43874.271
8 24 -34850.7144
9 24 7657.46369
10 24 -5652706.12
11 24 -6163107.19
12 24 -6260902.96
13 24 -128627.222
14 24 -81782.2716
15 24 23043.8418
16 24 -21613332
17 24 -15901003
18 24 -20944124.7
19 24 553578.39
20 24 258181.553
21 24 -104394.469
22 24 80658750.4
23 24 42941058.7
24 24 71932271.3
25 24 -186559.575
26 24 4162.12252
27 24 132915.601
28 24 -1501921.02
29 24 325220.463
30 24 -909697.781
31 24 -261072.908
32 24 27406.3665
33 24 165460.723
34 24 -730121.42
35 24 1718288.18
36 24 117647.267
37 24 121469.13
38 24 -87549.0197
39 24 -69970.2396
40 24 -272189.085
41 24 -166630.999
42 24 -256872.123
43 24 2554.35319
44 24 593.723847
45 24 -4389.35568
46 24 -152309.237
47 24 -111445.344
48 24 -142640.723
49 24 3919.857
50 24 3736.50455
51 24 -10593.9293
52 24 -68697.4601
53 24 -165179.066
54 24 -128525.605
55 24 8883.48667
56 24 6368.23044
57 24 -24682.1196
58 24 -40167.6339
59 24 -172585.358
60 24 -115186.103
61 24 159.672913
62 24 -42.090872
63 24 -366.591803
64 24 -5585.04079
65 24 -20870.0364
66 24 -12561.0539
67 24 671.647329
68 24 -545.993276
69 24 -1785.85174
70 24 -21392.4389
71 24 -107558.952
72 24 -56154.0278
73 24 2265.52826
74 24 -2447.17726
75 24 -4748.94881
76 24 -17100.0883
77 24 -57420.5495
78 24 -33070.8141
79 24 36815.824
80 24 -33086.8703
81 24 -116768.944
82 24 35666.5024
83 24 462332.294
84 24 209384.433
1 25 -353.137296
2 25 -136.296424
3 25 67.9132075
4 25 -19329.3988
5 25 -27671.6697
6 25 -24449.8464
7 25 -1292.25929
8 25 -461.93261
9 25 242.123602
10 25 -122561.823
11 25 -65061.1497
12 25 -109635.58
13 25 -1844.32692
14 25 -642.651227
15 25 342.981311
16 25 -204048.558
17 25 -83495.5499
18 25 -172235.737
19 25 -2004.86439
20 25 -613.584422
21 25 384.649142
22 25 -231668.043
23 25 -72559.0404
24 25 -186559.575
25 25 487487.674
26 25 -116004.374
27 25 -289141.263
28 25 2686023.96
29 25 -1720209.04
30 25 1165735.71
31 25 -271087.783
32 25 2856.18815
33 25 199469.627
34 25 -160419.375
35 25 804441.838
36 25 167144.314
37 25 -202888.231
38 25 79001.2917
39 25 119973.42
40 25 190890.74
41 25 777265.48
42 25 441301.684
43 25 -479.857634
44 25 898.516702
45 25 -210.878808
46 25 26206.0177
47 25 -40745.208
48 25 512.466513
49 25 -1351.76
50 25 2466.47007
51 25 -668.087147
52 25 35705.2918
53 25 -41241.2976
54 25 4439.40729
55 25 -4231.65326
56 25 7946.36741
57 25 -1874.77788
58 25 51762.3459
59 25 -39081.5594
60 25 13114.7564
61 25 -38.56527
62 25 119.993452
63 25 -45.819198
64 25 6919.23484
65 25 -4273.59615
66 25 2539.59983
67 25 -3.10091113
68 25 211.009326
69 25 -212.690593
70 25 12616.1654
71 25 -13487.5908
72 25 3093.41831
73 25 -142.851605
74 25 1237.4346
75 25 -647.541645
76 25 14026.9884
77 25 -6731.72569
78 25 5784.96553
79 25 -391.910383
80 25 23114.0234
81 25 -27142.274
82 25 -94286.5366
83 25 103332.77
84 25 -28403.1259
1 26 82.4400396
2 26 -439.699968
3 26 -30.4684865
4 26 31247.8489
5 26 -38099.9672
6 26 4872.88529
7 26 468.925149
8 26 -1074.8033
9 26 -121.530645
10 26 80999.6437
11 26 -126844.591
12 26 5493.67116
13 26 677.687562
14 26 -1382.85797
15 26 -163.369039
16 26 113858.173
17 26 -187583.297
18 26 4803.24686
19 26 761.115511
20 26 -1471.80031
21 26 -173.023748
22 26 123086.46
23 26 -206248.95
24 26 4162.12252
25 26 -116004.374
26 26 414932.982
27 26 -176522.598
28 26 -430254.901
29 26 3479368.26
30 26 1003170.85
31 26 7191.01961
32 26 -102371.52
33 26 62299.1669
34 26 -269040.656
35 26 -395927.556
36 26 -335177.965
37 26 87572.1406
38 26 -223224.388
39 26 72966.0744
40 26 -783494.824
41 26 1541.35401
42 26 -536946.801
43 26 666.629007
44 26 -1301.61467
45 26 350.002755
46 26 -36195.9423
47 26 59932.5535
48 26 769.770078
49 26 1715.35981
50 26 -3318.45866
51 26 1084.30555
52 26 -45911.62
53 26 57269.6205
54 26 -3629.85529
55 26 5367.89141
56 26 -11643.6215
57 26 4105.29407
58 26 -71589.9739
59 26 64584.7203
60 26 -12610.8601
61 26 69.5386163
62 26 -227.889786
63 26 95.8347765
64 26 -13050.2427
65 26 8716.77304
66 26 -4497.80305
67 26 113.335879
68 26 -624.149265
69 26 262.111837
70 26 -35506.7117
71 26 17538.1578
72 26 -16697.2104
73 26 583.219778
74 26 -3876.51491
75 26 1614.1714
76 26 -43200.859
77 26 16287.1761
78 26 -19575.6423
79 26 10334.6772
80 26 -62881.8175
81 26 33982.9826
82 26 230859.98
83 26 -124861.924
84 26 120397.825
1 27 183.026898
2 27 346.330391
3 27 -25.2006015
4 27 -5699.51948
5 27 40091.5917
6 27 13036.5179
7 27 637.571065
8 27 995.438371
9 27 -97.4446875
10 27 37703.6713
11 27 124817.434
12 27 75111.7473
13 27 917.391229
14 27 1327.24313
15 27 -146.370478
16 27 77094.8595
17 27 177165.4
18 27 121905.758
19 27 983.768568
20 27 1363.24781
21 27 -170.987481
22 27 91575.8216
23 27 181084.18
24 27 132915.601
25 27 -289141.263
26 27 -176522.598
27 27 327561.71
28 27 -1714939
29 27 -926245.867
30 27 -1495812.34
31 27 199578.536
32 27 62854.9264
33 27 -189951.29
34 27 285773.837
35 27 -345277.341
36 27 86263.5813
37 27 93186.8664
38 27 82529.1531
39 27 -133753.909
40 27 354669.004
41 27 -575757.277
42 27 13875.0965
43 27 -64.1034086
44 27 155.468684
45 27 -65.9305564
46 27 3361.11158
47 27 -7657.9606
48 27 -917.776416
49 27 -82.9806034
50 27 274.142244
51 27 -194.696432
52 27 2606.99666
53 27 -5721.75175
54 27 -1010.15229
55 27 -225.12892
56 27 1458.24311
57 27 -1218.38216
58 27 6988.72849
59 27 -11833.8451
60 27 -1733.82943
61 27 -15.4242181
62 27 55.3590484
63 27 -26.7514368
64 27 3132.04816
65 27 -2357.62702
66 27 961.772415
67 27 -69.4334746
68 27 238.677872
69 27 -8.26330375
70 27 13124.0926
71 27 -1107.21105
72 27 8274.41701
73 27 -264.18085
74 27 1543.25444
75 27 -544.870559
76 27 17022.3597
77 27 -5354.05914
78 27 8134.35768
79 27 -6254.91827
80 27 22797.1423
81 27 -1535.33549
82 27 -76757.9075
83 27 2982.3108
84 27 -55321.4712
1 28 -2329.49496
2 28 -2131.22422
3 28 399.747365
4 28 -54367.1297
5 28 -296338.245
6 28 -162220.273
7 28 -9464.64359
8 28 -6440.08618
9 28 1673.88369
10 28 -794124.596
11 28 -846461.284
12 28 -884952.484
13 28 -13235.8244
14 28 -8547.21846
15 28 2345.69354
16 28 -1341034.25
17 28 -1132882.71
18 28 -1374202.5
19 28 -14464.4145
20 28 -8517.29337
21 28 2685.20614
22 28 -1557249.65
23 28 -1088736.41
24 28 -1501921.02
25 28 2686023.96
26 28 -430254.901
27 28 -1714939
28 28 36318581.8
29 28 -13770024.7
30 28 19037787.4
31 28 -1100076.28
32 28 118547.61
33 28 726818.513
34 28 -4565681.97
35 28 12131742.7
36 28 1410016.07
37 28 -1560903.78
38 28 211714.73
39 28 1196544.88
40 28 -168293.078
41 28 8126595.07
42 28 3095732.34
43 28 -2761.7776
44 28 5130.24361
45 28 -1084.21632
46 28 93426.4097
47 28 -223304.205
48 28 -15676.9816
49 28 -8559.39096
50 28 14841.4457
51 28 -3245.70721
52 28 182501.749
53 28 -241447.617
54 28 21466.6245
55 28 -28532.7652
56 28 47960.5846
57 28 -7305.15729
58 28 298466.089
59 28 -221771.532
60 28 86095.2846
61 28 -163.656615
62 28 576.865493
63 28 -238.537851
64 28 26887.6869
65 28 -28049.4016
66 28 6862.16258
67 28 279.198254
68 28 492.939862
69 28 -1470.62895
70 28 32103.6163
